Running on 1 threads
5886.369457
5907.851189
7002.712057
5921.786322
5884.716445
5962.54597
5840.399417
5811.389471
5855.443985
5958.517343
Running on 2 threads
5886.324169
5924.412471
5906.421311
5926.991038
5984.403816
5878.898156
5860.806453
5913.44886
5876.484493
5952.73803
Running on 3 threads
5800.642525
5849.137449
5941.084944
5911.175924
5872.347932
5926.981537
5865.339436
5851.390656
5880.103502
5906.155338
Running on 4 threads
5864.325043
5892.068044
5919.436595
5868.476241
6307.926482
5837.41953
5889.538987
5885.323695
5788.333429
5835.890597
Running on 5 threads
5895.557583
5856.871087
5791.668453
5828.226773
5835.722666
5827.609182
5766.225246
5813.974491
5831.149041
5812.841586
Running on 6 threads
5857.582019
5842.365003
5819.291587
5810.194613
5763.412609
5834.927124
5833.005634
5875.594201
5836.439694
5798.177051
Running on 7 threads
5843.120484
5832.531955
5840.79043
5782.481023
5854.880974
5838.194039
5850.418861
5820.826362
5870.486668
5868.804498
Running on 8 threads
5905.823138
5871.866925
5847.967283
5796.779797
5833.329331
5771.388446
5861.48112
5813.837399
5847.280379
5847.670885
