Running on 1 threads
5866.113686
5894.028111
5897.221687
5817.568309
5927.744325
5844.945919
5867.25484
5852.363114
5798.336409
5878.245062
Running on 2 threads
5853.524839
6431.8455
5922.11286
5942.868291
5928.057408
5875.35236
5877.210329
5882.006459
5878.02511
5870.585403
Running on 3 threads
5877.227038
5918.201364
5930.195651
5850.427286
5847.934183
5816.174897
5928.371951
5794.525649
5918.095634
5941.816698
Running on 4 threads
5835.885411
5843.842022
5892.049838
5809.459934
5864.872294
5814.286065
5851.286206
5833.620953
5917.760918
5804.363161
Running on 5 threads
5796.89392
5837.585319
5818.605422
5839.460049
5796.470968
5865.60865
5759.311992
5848.479373
5799.00183
5762.947409
Running on 6 threads
5850.167809
5762.278307
5850.438587
5793.143097
5779.495729
5830.621563
5774.335229
5826.387779
6406.745634
5789.399807
Running on 7 threads
5817.361375
5882.299936
5827.778074
5778.102354
5787.890094
5836.822732
5818.910545
5826.558008
5743.162465
5839.594449
Running on 8 threads
5855.539225
5881.586876
5819.439843
5791.585961
5835.063531
5808.597997
5809.688224
5848.78434
5811.210175
5749.123163
