Running on 1 threads
5839.223348
5884.568738
5819.967802
5920.507363
5839.928427
5902.503397
5859.885736
5923.27383
5874.010687
5903.83167
Running on 2 threads
5878.629155
6515.196762
5878.986333
5945.521052
5861.29918
5914.0107
5829.775955
5890.369491
5926.613812
5857.027767
Running on 3 threads
5883.270481
5839.64774
5940.188818
5845.18773
5946.663782
5887.536355
5871.241948
5837.239656
5926.142295
5884.83466
Running on 4 threads
5849.726078
5863.336806
5841.0171
5848.966598
5864.157318
5792.171105
5854.579287
5823.017947
5859.752158
5905.973031
Running on 5 threads
5842.729433
6614.911912
5854.425341
5804.250406
5854.969426
5856.486946
5786.891075
5811.818132
5879.588717
5785.104022
Running on 6 threads
5782.162175
5884.162052
5860.678774
5831.847579
5787.047057
5829.367196
5816.881927
5814.201278
5793.544258
5802.568933
Running on 7 threads
5811.114644
5789.42469
5792.492644
5795.879269
5857.473906
5784.552901
5851.378625
5871.55267
5826.650138
6170.104063
Running on 8 threads
5859.828184
5824.887781
5807.883989
5776.921815
5857.671242
5750.549515
5830.915026
5823.588764
5808.08082
5771.919593
