Running on 1 threads
1599717
6608.05463
1598681
6528.764305
1600236
6440.746277
1599946
6380.900546
1598945
6411.581258
1599404
6410.776761
1599399
6405.520721
1599852
6423.326535
1599012
6353.108006
1598901
6351.703595
Running on 2 threads
1599834
5954.852377
1599166
5875.853093
1600235
5718.821866
1599448
5911.495484
1599157
5762.307387
1599090
5896.420339
1600280
5882.868839
1599130
5888.836087
1598383
5783.219327
1599893
5717.119394
Running on 3 threads
1599563
5615.049204
1598445
5643.198203
1599061
5596.481753
1599035
5594.839618
1599682
5667.025505
1598828
5594.191246
1599314
5713.802421
1598953
5620.157802
1598934
5543.503289
1599256
5609.141447
Running on 4 threads
1599463
5422.2204
1599735
5506.428939
1599314
5531.183775
1599139
5438.219906
1599212
5446.838991
1599509
5409.968485
1598515
5442.713157
1599941
5428.402867
1599273
5471.197453
1599216
5489.72873
Running on 5 threads
1598692
5327.734219
1599602
5420.559144
1598652
5411.096483
1599698
5372.794621
1599960
5392.175714
1598756
5396.436835
1599020
5340.108646
1599366
5401.6087
1598873
5342.598037
1599027
5377.067555
Running on 6 threads
1600019
5293.248051
1598631
5266.241165
1598881
5233.328119
1598670
5269.916666
1598514
5292.969742
1599928
5295.143041
1598184
5291.401526
1599041
5249.854883
1600539
5270.975477
1598378
5506.834293
Running on 7 threads
1600265
5288.49648
1598847
5195.274021
1599585
5228.138714
1599318
5277.490179
1600362
5286.992659
1598956
5230.410128
1599470
5317.820541
1599126
5221.787364
1599040
5263.300311
1598990
5323.296533
Running on 8 threads
1600225
5278.57986
1598365
5217.48071
1600020
5265.326998
1598818
5247.924438
1599421
5283.904094
1598696
5200.750388
1598686
5229.918618
1598941
5242.918944
1598979
5279.418512
1599990
5319.088948
