Running on 1 threads
5864.078898
5848.211123
5910.187775
5892.787247
5886.137009
6434.254999
5859.894799
5841.480641
5875.934466
5796.289597
Running on 2 threads
5900.467272
5831.28962
5961.766218
5910.076513
6203.857503
5879.630961
5891.7241
5864.69061
5864.745541
5866.159492
Running on 3 threads
5856.825664
5847.966685
5933.004102
5861.137097
5869.815372
5845.263351
5945.289147
5804.512829
5846.339487
5832.777121
Running on 4 threads
5823.106495
5882.219393
5854.926896
5874.197324
5828.488074
5901.677326
5859.061663
5862.336165
5816.577299
5851.158309
Running on 5 threads
5857.47649
5838.065466
5805.601586
5801.579949
5822.541355
5862.319244
5839.67935
5735.947063
5824.409479
5784.221974
Running on 6 threads
5733.63986
5819.384669
5857.321621
5818.204953
5830.268638
5833.341653
5837.321346
5818.488245
5787.005524
5813.641133
Running on 7 threads
5809.561691
5898.007974
5824.345012
5772.206165
5805.268187
5814.874493
5766.193123
5760.302289
5765.565148
5763.961863
Running on 8 threads
5840.64734
5767.930826
5863.198497
5781.543793
5801.634827
5754.320826
5809.245717
5845.781511
5805.266674
5766.320403
