1869.569441
1845.814921
1859.467352
1865.875905
1883.84818
1897.572773
1851.098644
1881.40073
1911.911584
1841.431916
1316.592323
1270.477319
1302.513044
1211.735971
1281.039185
1297.758103
1323.445403
1183.841104
1366.185026
1330.411578
1110.991301
1067.997497
1128.668245
1067.534884
951.900075
1062.212949
1062.753514
1124.044575
1101.943648
1077.923792
958.824348
915.950038
939.6283
917.200406
992.307915
1006.249441
937.395686
942.982341
981.352261
974.738341
868.890686
857.807072
915.868967
778.218328
836.945099
843.249403
860.703451
852.288031
843.353762
862.953455
826.848404
781.291163
806.595064
838.791323
828.235611
821.591893
774.526923
781.752236
823.482259
889.807748
777.344955
838.492139
733.910518
801.844755
866.227208
724.88119
805.820439
771.76616
805.233291
857.100017
756.869501
811.138698
737.288556
808.760362
754.174833
768.182268
791.01958
782.007747
746.720995
770.60673
