24.46348
24.299114
23.308442
23.581578
23.593726
23.140315
23.161611
23.127927
23.261717
23.850743
32.78953
32.34271
32.216902
32.057263
33.280754
32.045359
33.546077
32.940761
31.682044
31.672911
31.894618
32.628899
33.693935
30.865919
31.626788
31.399597
34.313627
30.149392
33.976356
30.200865
31.841032
32.45666
33.911311
31.122491
31.596683
30.595949
30.588681
29.936055
32.171282
35.895789
31.527488
32.123867
30.937885
30.632885
31.671448
32.185194
30.648046
31.929027
30.772043
32.167778
33.78083
32.076323
33.358535
33.825528
31.595372
34.247182
31.879253
34.149969
34.839854
33.401997
35.260262
33.880048
33.776353
34.038518
33.64782
35.552419
34.883606
35.773217
33.65057
33.925002
36.721385
35.082895
36.549592
35.140163
34.310947
36.00407
35.712212
36.037225
35.475826
36.035355
