168.02427
169.319475
168.229984
167.831523
171.010907
169.179137
166.985569
168.092888
168.102264
169.895479
182.919195
168.998797
167.371991
186.369251
181.989026
182.140909
181.314656
183.56369
166.985463
181.907765
154.858109
171.952661
182.163101
165.480459
171.753047
174.424406
160.634466
171.43748
161.397556
163.395663
138.491179
132.633295
128.79876
140.106386
142.124042
142.496263
132.208756
138.955459
159.587978
142.327258
120.830839
130.344826
115.711694
108.866766
124.858367
131.46824
126.009952
127.762257
113.361079
114.028239
109.244811
114.54384
121.980893
121.018322
112.947287
118.482148
118.111003
112.459046
112.922774
112.477049
108.044969
119.036801
112.342251
108.449145
118.136342
107.400608
105.11669
113.276258
111.674671
113.079899
105.761466
114.92581
105.466026
101.345677
111.470775
106.797792
105.177347
113.793929
107.168495
108.598105
