79.480892
80.910366
78.871904
79.870152
80.247023
82.023254
80.593158
78.986666
82.917285
81.036582
88.22523
82.378803
91.204259
91.018586
81.305423
83.959173
81.316635
82.948554
92.136579
80.53886
71.216002
74.809206
73.696762
77.228756
84.487213
75.131901
75.850489
81.465124
79.365788
77.69477
69.533039
70.25957
68.410322
69.295186
69.800863
70.529872
68.998211
70.406365
70.243931
66.55458
65.111515
67.029543
67.221873
66.434067
65.864731
62.460343
67.267771
63.033179
61.965202
67.434957
64.899128
59.999668
58.137314
63.034349
63.232143
62.925035
62.550904
61.751233
62.745776
61.903998
59.648143
60.106413
61.317274
61.319137
61.964032
61.659861
62.94513
62.105325
60.469055
62.184264
59.859017
62.728275
61.047781
60.38972
60.471541
62.259751
59.386482
59.982473
57.047856
62.334711
