17.200248
17.275346
15.71587
16.268205
16.093089
15.879496
15.028885
15.71565
15.620397
15.433219
21.524207
20.345067
20.480427
20.6125
21.206708
19.754018
21.912149
19.948768
21.170169
20.589528
20.026135
20.10745
21.593051
19.996804
20.240925
19.495856
19.96255
20.215649
20.441624
19.964464
20.849834
20.554147
20.238315
20.338407
20.271383
19.285335
20.521018
20.621899
21.644227
21.209267
21.362895
20.26555
20.811517
22.767995
20.073333
21.643111
21.555699
20.229804
20.215978
21.083013
20.986826
21.399974
21.4563
21.051982
21.665302
20.918175
22.289744
22.146673
22.659678
21.799926
22.283867
22.455268
22.427113
22.442205
22.401493
22.786019
21.673554
22.802831
22.14276
22.807161
22.486964
23.472627
23.565532
23.157415
22.756828
22.820434
30.620587
23.674555
22.913526
24.067978
