850.376906
953.080768
880.37492
865.939169
838.107744
870.364943
884.951037
868.075411
870.232549
939.978169
700.640116
742.947531
830.359381
746.619495
662.266923
678.945397
778.420452
771.946396
701.618712
762.823955
638.638866
690.372643
661.220927
701.583347
679.138041
697.978487
822.145726
660.378562
735.687862
652.018571
671.328865
684.258443
655.308059
683.631522
692.087308
664.116543
668.717406
642.245391
721.060465
585.329976
647.229914
640.927635
614.188915
562.278154
629.764468
625.04233
591.75729
623.227363
601.868569
614.772028
637.663111
626.913527
549.136773
610.94051
602.092425
671.757671
746.007465
593.717374
592.74227
600.638735
631.812198
574.403344
590.658537
621.706095
570.293603
595.42019
595.186158
538.335198
672.872687
607.085063
513.517673
578.164577
557.151232
577.006694
599.762696
662.411092
529.672229
591.925317
471.017319
580.251166
