Running on 1 threads
6485.682985
6466.984099
6419.528146
6459.158469
6418.043829
6482.349531
6443.104402
6455.805995
6488.150288
6333.658138
Running on 2 threads
5891.501284
6120.828647
5853.033753
5808.546798
5778.118662
5815.183516
5914.557541
5926.270305
5980.22749
5933.976789
Running on 3 threads
5650.271494
5592.431988
5609.352815
5542.701104
5615.523595
5659.449345
5569.957813
5641.281453
5542.817475
6053.511196
Running on 4 threads
5507.321915
5415.729456
5405.231891
5429.156115
5417.471014
5490.739557
5422.724601
5430.52577
5470.043232
5389.930379
Running on 5 threads
5310.364773
5325.128926
5368.217552
5361.361254
5390.689117
5375.140241
5421.701637
5374.456983
5397.33334
5317.369273
Running on 6 threads
5257.298194
5276.748135
5277.973643
5331.628982
5301.78593
5275.913522
5296.315564
5333.50471
5268.297406
5317.074209
Running on 7 threads
5252.058521
5284.238035
5266.725083
5303.467744
5258.974484
5251.745381
5253.00602
5208.929861
5269.044324
5243.987691
Running on 8 threads
5275.628033
5212.229457
5241.588264
5229.769549
5219.186769
5181.905428
5290.128385
5221.126587
5230.799463
5282.431047
