Running on 1 threads
6440.899514
6439.659027
6455.823534
6416.248395
6448.029674
6433.402881
6469.352862
6425.744061
6390.855629
6763.446077
Running on 2 threads
5910.199056
5879.424334
5716.091199
5825.197063
5702.776001
5957.425101
5791.393053
5897.696692
5915.849364
5729.137203
Running on 3 threads
5622.761112
5635.917895
5588.802913
5581.438434
5542.601457
5650.470351
5562.913138
5429.304335
5569.217103
5658.494621
Running on 4 threads
5525.138426
5379.938134
5513.87087
5519.593886
5397.020272
5415.428385
5437.745215
5465.858646
5454.651211
5520.679298
Running on 5 threads
5407.885035
5361.720429
5365.655631
5350.945635
5394.654702
5315.620143
5405.14497
5387.668611
5422.221107
5277.179941
Running on 6 threads
5371.919361
5244.341439
5281.403672
5314.275191
5256.894505
5321.693219
5339.035936
5335.083837
5280.243018
5374.271693
Running on 7 threads
5272.261371
5270.227768
5221.615141
5254.830427
5243.0941
5304.893
5242.210379
5261.964601
5346.488754
5287.443566
Running on 8 threads
5197.490756
5314.008378
5288.975555
5230.379176
5244.617118
5200.290022
5272.209513
5228.210727
5190.492516
5223.651921
