Running on 1 threads
1444.549974
1473.333623
1471.081296
1487.760461
1458.169248
1632.071879
1521.470838
1538.615328
1561.119918
1502.595135
Running on 2 threads
1388.074356
1483.544808
1392.30207
1360.662997
1371.683155
1385.482001
1403.134345
1447.9507
1343.564899
1446.215122
Running on 3 threads
1285.227395
1286.935012
1336.29215
1341.881919
1419.626832
1364.672597
1320.653057
1365.711765
1295.022866
1264.606107
Running on 4 threads
1315.886836
1207.087792
1291.383277
1233.180305
1290.959986
1358.082504
1284.631943
1255.981308
1204.679251
1272.978265
Running on 5 threads
1236.514957
1303.859696
1243.838679
1232.188738
1412.912358
1212.944442
1314.811128
1248.793577
1236.822798
1274.84485
Running on 6 threads
1251.742344
1199.628757
1251.595848
1232.365968
1196.33725
1262.086035
1174.03717
1214.607513
1217.13988
1206.324702
Running on 7 threads
1247.348466
1190.467733
1162.061341
1289.943028
1100.460364
1315.231716
1142.169277
1218.997066
1193.717082
1230.739614
Running on 8 threads
1188.616817
1203.78204
1254.437821
1192.316612
1188.377803
1169.809826
1207.533849
1268.461196
1193.336954
1187.769579
