Running on 1 threads
53.31644
54.749198
51.254656
50.176655
53.37471
50.269834
51.413991
50.099468
50.583192
52.837765
Running on 2 threads
60.308528
59.406452
57.124853
57.849128
58.012639
57.429903
57.851279
57.214441
56.328438
57.548019
Running on 3 threads
57.269374
57.766022
58.060014
57.324909
58.209408
57.88837
58.91023
58.550177
58.120845
57.741217
Running on 4 threads
56.277807
59.595581
58.375149
56.977484
56.393876
57.142485
57.10184
56.300244
58.170574
57.980811
Running on 5 threads
58.562045
56.992145
57.399683
58.198065
56.469252
57.289665
58.818476
57.748364
57.812393
57.040772
Running on 6 threads
58.287574
58.443078
58.484765
58.042798
59.037915
58.819568
58.446257
58.753626
58.507624
58.574281
Running on 7 threads
61.15631
59.751313
60.737418
59.563451
60.466263
59.327106
61.057716
61.523116
60.37329
60.890471
Running on 8 threads
62.508938
60.142774
60.017768
60.435416
62.60513
62.386853
60.764798
62.752939
62.978073
62.712565
