Running on 1 threads
50.619846
49.052842
49.55381
49.013775
49.42977
46.76892
48.176312
49.058427
47.549468
46.458765
Running on 2 threads
53.557096
54.212639
50.869754
61.23607
52.786954
61.461403
52.796966
53.545594
54.433628
52.308524
Running on 3 threads
52.636533
51.401954
53.571735
53.077187
53.081199
59.978379
52.070496
52.542471
52.886195
54.482023
Running on 4 threads
52.637226
52.040248
53.784671
52.076568
51.726392
52.437991
52.928747
50.92891
52.743517
53.143686
Running on 5 threads
53.125412
51.740426
53.255655
52.913228
51.978926
53.468081
52.585395
52.979732
53.835534
53.292312
Running on 6 threads
53.233833
52.251012
52.888609
52.812578
53.276033
54.540265
53.724945
53.689125
54.183755
54.125197
Running on 7 threads
55.117829
54.83572
54.901654
53.609906
55.561434
55.102594
55.491851
54.658827
54.726979
54.569508
Running on 8 threads
58.478894
57.139874
56.788059
56.755101
56.459747
56.065114
55.518717
56.534489
56.501826
55.999378
