Running on 1 threads
34.616648
34.231246
31.130844
31.024006
31.40443
32.26217
31.380369
31.822246
31.016063
31.880274
Running on 2 threads
37.642334
38.804734
36.12254
36.180416
37.101223
36.676675
36.427831
38.805633
38.327702
35.830898
Running on 3 threads
36.2714
36.596637
36.280454
36.751039
37.4776
37.861575
37.193134
36.971473
37.015541
37.154921
Running on 4 threads
37.644862
37.574837
38.262922
38.102395
37.81348
37.891049
37.282514
37.778963
37.939783
37.83217
Running on 5 threads
37.325509
36.713406
38.185537
38.782089
38.267616
38.212547
38.857973
37.663459
38.769655
38.860818
Running on 6 threads
39.640337
38.89697
39.297621
38.905901
38.253508
37.582238
38.981976
37.894682
38.483888
39.220655
Running on 7 threads
39.200055
40.794648
39.736624
40.890619
40.338164
39.865254
39.315489
40.046137
40.713282
41.852343
Running on 8 threads
41.018507
40.970809
42.085077
40.8556
41.057759
40.582434
41.283035
41.095659
41.010702
40.540852
