Running on 1 threads
1491.190803
1526.272509
1461.964658
1478.564212
1541.111515
1599.077855
1432.322922
1417.64878
1507.33278
1528.04684
Running on 2 threads
1469.273276
1448.718407
1391.692318
1339.916238
1440.277128
1369.31799
1264.975402
1335.205871
1360.482026
1407.572404
Running on 3 threads
1306.709255
1342.789326
1347.545175
1346.72958
1301.206051
1277.78031
1314.199095
1296.48174
1292.58894
1344.043089
Running on 4 threads
1339.718845
1303.729293
1232.52691
1359.053474
1286.08921
1272.373018
1265.319279
1219.526587
1224.051262
1257.789162
Running on 5 threads
1281.244816
1257.289392
1270.77517
1293.388462
1272.303357
1266.96942
1286.686791
1205.332239
1301.289942
1171.385106
Running on 6 threads
1195.276925
1233.577425
1251.207739
1276.829791
1221.876001
1191.157975
1274.545718
1252.553152
1189.965926
1225.277751
Running on 7 threads
1198.652787
1151.105466
1176.727354
1254.044946
1224.303825
1222.158486
1152.428225
1182.963133
1191.338299
1244.678784
Running on 8 threads
1295.119983
1202.960977
1227.283046
1221.964236
1217.082794
1161.421891
1199.251459
1171.313487
1263.455445
1164.957603
