Running on 1 threads
32.278893
31.866509
28.878217
29.563344
29.674871
29.281653
29.789638
30.179935
29.52017
29.002921
Running on 2 threads
34.763872
34.969638
34.664599
33.94786
33.898698
34.53512
34.318543
33.77401
34.152671
34.044636
Running on 3 threads
35.275209
34.339483
33.808125
33.729693
33.390054
33.509559
34.00461
33.956261
34.137487
33.998571
Running on 4 threads
35.417746
34.903738
34.219062
34.838151
35.161616
36.085014
34.778404
34.720551
34.87974
35.002432
Running on 5 threads
34.855623
35.085505
34.853973
34.777472
35.527514
35.557712
34.963213
34.975045
34.626628
35.150029
Running on 6 threads
37.141991
35.904267
35.901695
36.134015
36.604168
35.435749
35.216278
35.391227
35.913239
36.282652
Running on 7 threads
37.221166
36.549506
37.213909
37.167565
36.417657
36.489038
36.829835
36.389392
37.176187
37.653807
Running on 8 threads
37.33871
37.906162
37.514198
36.974597
36.704218
38.158486
37.317154
37.471169
37.906715
37.440912
