6482.139413
6401.500922
6435.532217
6447.403979
6559.426943
6417.080608
6409.43591
6450.410554
6442.618574
6409.914128
5951.80859
6038.409809
5911.376788
5939.614382
5969.476637
5905.319993
5795.862083
5936.601781
5780.591805
5947.710316
5620.478261
5613.771559
5609.038422
5520.853889
5616.149063
5597.318437
5563.72013
5594.431823
5509.537898
5647.058769
5471.820661
5463.065677
5455.902978
5488.086785
5528.728137
5477.363348
5394.648333
5416.811512
5434.418307
5421.837465
5292.332462
5358.359806
5344.210978
5357.674627
5388.437582
5316.555358
5391.218786
5335.4151
5377.655342
5437.255185
5319.987667
5290.835057
5259.121315
5255.165
5253.758731
5308.532419
5308.309293
5333.641557
5260.810359
5240.433508
5310.412989
5251.095044
5197.504781
5304.459971
5283.897789
5216.496215
5320.533427
5188.615623
5235.543253
5258.716749
5232.772558
5202.968563
5261.003688
5223.088264
5259.171775
5244.864455
5480.822192
5237.996592
5266.692143
5291.376705
