6608.05463
6528.764305
6440.746277
6380.900546
6411.581258
6410.776761
6405.520721
6423.326535
6353.108006
6351.703595
5954.852377
5875.853093
5718.821866
5911.495484
5762.307387
5896.420339
5882.868839
5888.836087
5783.219327
5717.119394
5615.049204
5643.198203
5596.481753
5594.839618
5667.025505
5594.191246
5713.802421
5620.157802
5543.503289
5609.141447
5422.2204
5506.428939
5531.183775
5438.219906
5446.838991
5409.968485
5442.713157
5428.402867
5471.197453
5489.72873
5327.734219
5420.559144
5411.096483
5372.794621
5392.175714
5396.436835
5340.108646
5401.6087
5342.598037
5377.067555
5293.248051
5266.241165
5233.328119
5269.916666
5292.969742
5295.143041
5291.401526
5249.854883
5270.975477
5506.834293
5288.49648
5195.274021
5228.138714
5277.490179
5286.992659
5230.410128
5317.820541
5221.787364
5263.300311
5323.296533
5278.57986
5217.48071
5265.326998
5247.924438
5283.904094
5200.750388
5229.918618
5242.918944
5279.418512
5319.088948
